1305031102.1758 1.3405 0.6266 1.6575 0.6574 0.6126 -0.2949 -0.3248
1305031102.2159 1.3303 0.6256 1.6464 0.6579 0.6161 -0.2932 -0.3189
1305031102.2458 1.3230 0.6252 1.6384 0.6590 0.6186 -0.2912 -0.3135
1305031102.2758 1.3160 0.6254 1.6302 0.6609 0.6199 -0.2893 -0.3086
1305031102.3158 1.3066 0.6256 1.6196 0.6621 0.6205 -0.2892 -0.3050
1305031102.3458 1.2991 0.6257 1.6118 0.6619 0.6204 -0.2916 -0.3032
1305031102.3758 1.2922 0.6256 1.6041 0.6617 0.6217 -0.2914 -0.3012
1305031102.4159 1.2830 0.6257 1.5933 0.6614 0.6249 -0.2903 -0.2962
1305031102.4458 1.2757 0.6256 1.5853 0.6631 0.6278 -0.2876 -0.2890
1305031102.4758 1.2683 0.6255 1.5770 0.6644 0.6299 -0.2848 -0.2842
1305031102.5159 1.2582 0.6251 1.5661 0.6652 0.6314 -0.2804 -0.2832
1305031102.5459 1.2509 0.6247 1.5583 0.6654 0.6333 -0.2766 -0.2823
1305031102.5759 1.2434 0.6244 1.5508 0.6651 0.6328 -0.2758 -0.2847
1305031102.6159 1.2336 0.6244 1.5407 0.6650 0.6304 -0.2770 -0.2892
1305031102.6458 1.2263 0.6243 1.5324 0.6654 0.6301 -0.2776 -0.2885
1305031102.6759 1.2190 0.6245 1.5236 0.6665 0.6296 -0.2775 -0.2868
1305031102.7159 1.2089 0.6245 1.5116 0.6668 0.6281 -0.2799 -0.2873
1305031102.7458 1.2012 0.6247 1.5020 0.6683 0.6277 -0.2789 -0.2855
1305031102.7758 1.1937 0.6248 1.4929 0.6685 0.6284 -0.2754 -0.2869
1305031102.8159 1.1843 0.6252 1.4803 0.6697 0.6282 -0.2716 -0.2882
1305031102.8458 1.1772 0.6252 1.4713 0.6695 0.6281 -0.2697 -0.2909
1305031102.8758 1.1707 0.6250 1.4627 0.6683 0.6291 -0.2677 -0.2932
1305031102.9159 1.1622 0.6244 1.4513 0.6675 0.6291 -0.2670 -0.2957
1305031102.9458 1.1561 0.6237 1.4430 0.6654 0.6315 -0.2672 -0.2950
1305031102.9759 1.1501 0.6226 1.4343 0.6640 0.6334 -0.2718 -0.2898
1305031103.0159 1.1424 0.6215 1.4233 0.6649 0.6332 -0.2760 -0.2843
1305031103.0458 1.1371 0.6211 1.4151 0.6653 0.6336 -0.2794 -0.2792
1305031103.0758 1.1322 0.6209 1.4078 0.6664 0.6314 -0.2815 -0.2793
1305031103.1158 1.1257 0.6206 1.3979 0.6676 0.6310 -0.2808 -0.2781
1305031103.1459 1.1211 0.6208 1.3906 0.6691 0.6294 -0.2809 -0.2780
1305031103.1758 1.1165 0.6209 1.3836 0.6694 0.6294 -0.2797 -0.2784
1305031103.2158 1.1110 0.6213 1.3741 0.6731 0.6304 -0.2751 -0.2717
1305031103.2458 1.1074 0.6218 1.3678 0.6767 0.6301 -0.2722 -0.2663
1305031103.2758 1.1045 0.6221 1.3629 0.6784 0.6329 -0.2706 -0.2569
1305031103.3158 1.1019 0.6222 1.3591 0.6762 0.6360 -0.2765 -0.2486
1305031103.3459 1.1009 0.6229 1.3582 0.6777 0.6355 -0.2758 -0.2468
1305031103.3759 1.1003 0.6238 1.3585 0.6796 0.6349 -0.2735 -0.2454
1305031103.4158 1.1011 0.6240 1.3615 0.6793 0.6347 -0.2747 -0.2454
1305031103.4458 1.1030 0.6237 1.3651 0.6783 0.6368 -0.2751 -0.2423
1305031103.4759 1.1052 0.6232 1.3699 0.6763 0.6382 -0.2767 -0.2426
1305031103.5160 1.1096 0.6227 1.3785 0.6731 0.6398 -0.2784 -0.2450
1305031103.5458 1.1132 0.6227 1.3860 0.6708 0.6396 -0.2818 -0.2480
1305031103.5759 1.1172 0.6225 1.3941 0.6692 0.6389 -0.2858 -0.2497
1305031103.6159 1.1235 0.6223 1.4058 0.6683 0.6387 -0.2902 -0.2475
1305031103.6458 1.1284 0.6223 1.4151 0.6672 0.6384 -0.2939 -0.2468
1305031103.6758 1.1337 0.6223 1.4249 0.6659 0.6382 -0.2967 -0.2475
1305031103.7158 1.1411 0.6229 1.4382 0.6652 0.6377 -0.2989 -0.2480
1305031103.7458 1.1473 0.6233 1.4492 0.6638 0.6380 -0.2991 -0.2506
1305031103.7758 1.1535 0.6236 1.4598 0.6615 0.6392 -0.2998 -0.2529
1305031103.8159 1.1627 0.6240 1.4740 0.6607 0.6426 -0.2949 -0.2523
1305031103.8458 1.1695 0.6239 1.4841 0.6596 0.6461 -0.2922 -0.2493



