1305031102.1758 1.3405 0.6266 1.6575 0.6574 0.6126 -0.2949 -0.3248
1305031102.1858 1.3378 0.6263 1.6546 0.6567 0.6131 -0.2962 -0.3242
1305031102.1958 1.3352 0.6261 1.6519 0.6564 0.6139 -0.2963 -0.3231
1305031102.2058 1.3329 0.6258 1.6493 0.6576 0.6151 -0.2940 -0.3207
1305031102.2159 1.3303 0.6256 1.6464 0.6579 0.6161 -0.2932 -0.3189
1305031102.2258 1.3280 0.6254 1.6437 0.6581 0.6175 -0.2924 -0.3165
1305031102.2359 1.3253 0.6252 1.6409 0.6584 0.6176 -0.2926 -0.3154
1305031102.2458 1.3230 0.6252 1.6384 0.6590 0.6186 -0.2912 -0.3135
1305031102.2558 1.3205 0.6253 1.6357 0.6592 0.6189 -0.2913 -0.3123
1305031102.2658 1.3184 0.6253 1.6330 0.6606 0.6189 -0.2900 -0.3106
1305031102.2758 1.3160 0.6254 1.6302 0.6609 0.6199 -0.2893 -0.3086
1305031102.2859 1.3131 0.6254 1.6274 0.6602 0.6206 -0.2903 -0.3078
1305031102.2959 1.3111 0.6255 1.6249 0.6613 0.6205 -0.2890 -0.3069
1305031102.3058 1.3084 0.6254 1.6221 0.6610 0.6207 -0.2901 -0.3059
1305031102.3158 1.3066 0.6256 1.6196 0.6621 0.6205 -0.2892 -0.3050
1305031102.3258 1.3041 0.6256 1.6170 0.6623 0.6202 -0.2898 -0.3045
1305031102.3358 1.3018 0.6257 1.6145 0.6624 0.6199 -0.2905 -0.3043
1305031102.3458 1.2991 0.6257 1.6118 0.6619 0.6204 -0.2916 -0.3032
1305031102.3559 1.2968 0.6257 1.6092 0.6623 0.6212 -0.2909 -0.3015
1305031102.3659 1.2945 0.6257 1.6066 0.6622 0.6213 -0.2908 -0.3014
1305031102.3758 1.2922 0.6256 1.6041 0.6617 0.6217 -0.2914 -0.3012
1305031102.3858 1.2900 0.6258 1.6014 0.6621 0.6219 -0.2910 -0.3004
1305031102.3959 1.2875 0.6257 1.5987 0.6620 0.6226 -0.2906 -0.2995
1305031102.4058 1.2854 0.6257 1.5961 0.6617 0.6239 -0.2901 -0.2979
1305031102.4159 1.2830 0.6257 1.5933 0.6614 0.6249 -0.2903 -0.2962
1305031102.4259 1.2804 0.6257 1.5905 0.6619 0.6255 -0.2898 -0.2945
1305031102.4359 1.2778 0.6257 1.5877 0.6620 0.6261 -0.2897 -0.2928
1305031102.4458 1.2757 0.6256 1.5853 0.6631 0.6278 -0.2876 -0.2890
1305031102.4558 1.2733 0.6255 1.5824 0.6635 0.6289 -0.2864 -0.2867
1305031102.4658 1.2708 0.6255 1.5796 0.6639 0.6295 -0.2858 -0.2851
1305031102.4758 1.2683 0.6255 1.5770 0.6644 0.6299 -0.2848 -0.2842
1305031102.4858 1.2656 0.6253 1.5742 0.6645 0.6302 -0.2841 -0.2839
1305031102.4960 1.2631 0.6252 1.5716 0.6647 0.6305 -0.2830 -0.2838
1305031102.5058 1.2606 0.6251 1.5688 0.6650 0.6305 -0.2821 -0.2839
1305031102.5159 1.2582 0.6251 1.5661 0.6652 0.6314 -0.2804 -0.2832
1305031102.5259 1.2557 0.6250 1.5636 0.6653 0.6322 -0.2788 -0.2826
1305031102.5358 1.2531 0.6247 1.5610 0.6653 0.6329 -0.2776 -0.2827
1305031102.5459 1.2509 0.6247 1.5583 0.6654 0.6333 -0.2766 -0.2823
1305031102.5558 1.2482 0.6245 1.5557 0.6647 0.6339 -0.2766 -0.2826
1305031102.5658 1.2457 0.6245 1.5533 0.6644 0.6339 -0.2763 -0.2835
1305031102.5759 1.2434 0.6244 1.5508 0.6651 0.6328 -0.2758 -0.2847
1305031102.5858 1.2411 0.6245 1.5483 0.6653 0.6326 -0.2754 -0.2853
1305031102.5959 1.2389 0.6244 1.5458 0.6661 0.6316 -0.2750 -0.2860
1305031102.6059 1.2361 0.6246 1.5432 0.6652 0.6308 -0.2767 -0.2882
1305031102.6159 1.2336 0.6244 1.5407 0.6650 0.6304 -0.2770 -0.2892
1305031102.6258 1.2316 0.6245 1.5382 0.6655 0.6304 -0.2762 -0.2886
1305031102.6358 1.2287 0.6243 1.5352 0.6653 0.6298 -0.2777 -0.2894
1305031102.6458 1.2263 0.6243 1.5324 0.6654 0.6301 -0.2776 -0.2885
1305031102.6558 1.2237 0.6242 1.5295 0.6656 0.6299 -0.2779 -0.2879
1305031102.6658 1.2215 0.6244 1.5265 0.6663 0.6296 -0.2776 -0.2872
1305031102.6759 1.2190 0.6245 1.5236 0.6665 0.6296 -0.2775 -0.2868
1305031102.6858 1.2165 0.6243 1.5207 0.6667 0.6295 -0.2776 -0.2866
1305031102.6958 1.2142 0.6244 1.5178 0.6667 0.6297 -0.2776 -0.2861
1305031102.7058 1.2115 0.6245 1.5147 0.6666 0.6288 -0.2788 -0.2872
1305031102.7159 1.2089 0.6245 1.5116 0.6668 0.6281 -0.2799 -0.2873
1305031102.7258 1.2064 0.6248 1.5084 0.6674 0.6277 -0.2798 -0.2868
1305031102.7359 1.2037 0.6247 1.5053 0.6678 0.6277 -0.2798 -0.2860
1305031102.7458 1.2012 0.6247 1.5020 0.6683 0.6277 -0.2789 -0.2855
1305031102.7559 1.1986 0.6247 1.4990 0.6684 0.6278 -0.2780 -0.2861
1305031102.7659 1.1962 0.6247 1.4959 0.6686 0.6279 -0.2769 -0.2864
1305031102.7758 1.1937 0.6248 1.4929 0.6685 0.6284 -0.2754 -0.2869
1305031102.7858 1.1911 0.6250 1.4896 0.6682 0.6282 -0.2753 -0.2882
1305031102.7958 1.1887 0.6249 1.4865 0.6686 0.6281 -0.2744 -0.2885
1305031102.8058 1.1865 0.6250 1.4834 0.6690 0.6282 -0.2731 -0.2884
1305031102.8159 1.1843 0.6252 1.4803 0.6697 0.6282 -0.2716 -0.2882
1305031102.8258 1.1821 0.6252 1.4773 0.6703 0.6283 -0.2702 -0.2882
1305031102.8358 1.1797 0.6252 1.4743 0.6703 0.6281 -0.2698 -0.2889
1305031102.8458 1.1772 0.6252 1.4713 0.6695 0.6281 -0.2697 -0.2909
1305031102.8558 1.1750 0.6251 1.4685 0.6690 0.6283 -0.2689 -0.2924
1305031102.8658 1.1729 0.6251 1.4656 0.6688 0.6286 -0.2680 -0.2929
1305031102.8758 1.1707 0.6250 1.4627 0.6683 0.6291 -0.2677 -0.2932
1305031102.8858 1.1687 0.6249 1.4599 0.6680 0.6294 -0.2672 -0.2935
1305031102.8958 1.1666 0.6247 1.4570 0.6681 0.6292 -0.2671 -0.2939
1305031102.9058 1.1644 0.6247 1.4541 0.6680 0.6290 -0.2670 -0.2949
1305031102.9159 1.1622 0.6244 1.4513 0.6675 0.6291 -0.2670 -0.2957
1305031102.9258 1.1602 0.6242 1.4484 0.6673 0.6297 -0.2663 -0.2953
1305031102.9358 1.1582 0.6240 1.4458 0.6664 0.6307 -0.2663 -0.2954
1305031102.9458 1.1561 0.6237 1.4430 0.6654 0.6315 -0.2672 -0.2950
1305031102.9559 1.1538 0.6233 1.4400 0.6642 0.6323 -0.2693 -0.2940
1305031102.9658 1.1519 0.6230 1.4371 0.6638 0.6328 -0.2707 -0.2926
1305031102.9759 1.1501 0.6226 1.4343 0.6640 0.6334 -0.2718 -0.2898
1305031102.9859 1.1481 0.6223 1.4316 0.6643 0.6334 -0.2729 -0.2883
1305031102.9959 1.1461 0.6221 1.4288 0.6644 0.6329 -0.2744 -0.2876
1305031103.0058 1.1444 0.6218 1.4261 0.6648 0.6331 -0.2751 -0.2855
1305031103.0159 1.1424 0.6215 1.4233 0.6649 0.6332 -0.2760 -0.2843
1305031103.0258 1.1406 0.6213 1.4205 0.6648 0.6336 -0.2772 -0.2823
1305031103.0358 1.1389 0.6213 1.4178 0.6652 0.6335 -0.2782 -0.2807
1305031103.0458 1.1371 0.6211 1.4151 0.6653 0.6336 -0.2794 -0.2792
1305031103.0558 1.1355 0.6210 1.4125 0.6662 0.6326 -0.2801 -0.2785
1305031103.0658 1.1339 0.6209 1.4102 0.6664 0.6320 -0.2806 -0.2787
1305031103.0758 1.1322 0.6209 1.4078 0.6664 0.6314 -0.2815 -0.2793
1305031103.0858 1.1304 0.6207 1.4052 0.6665 0.6308 -0.2822 -0.2797
1305031103.0958 1.1288 0.6208 1.4027 0.6664 0.6310 -0.2819 -0.2799
1305031103.1058 1.1272 0.6208 1.4003 0.6670 0.6311 -0.2810 -0.2790
1305031103.1158 1.1257 0.6206 1.3979 0.6676 0.6310 -0.2808 -0.2781
1305031103.1259 1.1241 0.6209 1.3954 0.6679 0.6302 -0.2811 -0.2787
1305031103.1358 1.1227 0.6208 1.3930 0.6686 0.6298 -0.2808 -0.2782
1305031103.1459 1.1211 0.6208 1.3906 0.6691 0.6294 -0.2809 -0.2780
1305031103.1559 1.1195 0.6208 1.3883 0.6693 0.6290 -0.2806 -0.2787
1305031103.1668 1.1180 0.6208 1.3859 0.6696 0.6289 -0.2802 -0.2787
1305031103.1758 1.1165 0.6209 1.3836 0.6694 0.6294 -0.2797 -0.2784
1305031103.1858 1.1150 0.6209 1.3811 0.6699 0.6296 -0.2788 -0.2778
1305031103.1959 1.1137 0.6210 1.3788 0.6706 0.6305 -0.2771 -0.2756
1305031103.2058 1.1124 0.6211 1.3764 0.6718 0.6306 -0.2760 -0.2735
1305031103.2158 1.1110 0.6213 1.3741 0.6731 0.6304 -0.2751 -0.2717
1305031103.2258 1.1099 0.6215 1.3719 0.6745 0.6302 -0.2740 -0.2698
1305031103.2358 1.1086 0.6217 1.3699 0.6757 0.6298 -0.2732 -0.2685
1305031103.2458 1.1074 0.6218 1.3678 0.6767 0.6301 -0.2722 -0.2663
1305031103.2558 1.1063 0.6219 1.3660 0.6777 0.6306 -0.2715 -0.2633
1305031103.2658 1.1054 0.6220 1.3643 0.6782 0.6313 -0.2711 -0.2607
1305031103.2758 1.1045 0.6221 1.3629 0.6784 0.6329 -0.2706 -0.2569
1305031103.2858 1.1037 0.6221 1.3616 0.6779 0.6337 -0.2725 -0.2543
1305031103.2958 1.1030 0.6222 1.3606 0.6772 0.6351 -0.2736 -0.2512
1305031103.3058 1.1026 0.6221 1.3598 0.6770 0.6359 -0.2743 -0.2489
1305031103.3158 1.1019 0.6222 1.3591 0.6762 0.6360 -0.2765 -0.2486
1305031103.3258 1.1016 0.6224 1.3587 0.6764 0.6359 -0.2767 -0.2479
1305031103.3358 1.1012 0.6226 1.3585 0.6768 0.6358 -0.2765 -0.2473
1305031103.3459 1.1009 0.6229 1.3582 0.6777 0.6355 -0.2758 -0.2468
1305031103.3558 1.1006 0.6233 1.3581 0.6785 0.6352 -0.2749 -0.2462
1305031103.3658 1.1004 0.6235 1.3583 0.6792 0.6350 -0.2740 -0.2457
1305031103.3759 1.1003 0.6238 1.3585 0.6796 0.6349 -0.2735 -0.2454
1305031103.3858 1.1004 0.6239 1.3590 0.6799 0.6347 -0.2735 -0.2451
1305031103.3958 1.1007 0.6239 1.3596 0.6801 0.6347 -0.2732 -0.2449
1305031103.4059 1.1010 0.6240 1.3605 0.6801 0.6349 -0.2732 -0.2443
1305031103.4158 1.1011 0.6240 1.3615 0.6793 0.6347 -0.2747 -0.2454
1305031103.4258 1.1018 0.6240 1.3626 0.6789 0.6360 -0.2744 -0.2436
1305031103.4359 1.1021 0.6238 1.3636 0.6783 0.6361 -0.2755 -0.2436
1305031103.4458 1.1030 0.6237 1.3651 0.6783 0.6368 -0.2751 -0.2423
1305031103.4558 1.1035 0.6236 1.3665 0.6775 0.6376 -0.2756 -0.2419
1305031103.4658 1.1043 0.6233 1.3681 0.6769 0.6376 -0.2764 -0.2428
1305031103.4759 1.1052 0.6232 1.3699 0.6763 0.6382 -0.2767 -0.2426
1305031103.4858 1.1062 0.6230 1.3719 0.6757 0.6383 -0.2771 -0.2435
1305031103.4959 1.1071 0.6230 1.3739 0.6745 0.6388 -0.2781 -0.2443
1305031103.5058 1.1083 0.6228 1.3761 0.6740 0.6390 -0.2783 -0.2447
1305031103.5160 1.1096 0.6227 1.3785 0.6731 0.6398 -0.2784 -0.2450
1305031103.5258 1.1106 0.6226 1.3809 0.6721 0.6396 -0.2802 -0.2463
1305031103.5358 1.1118 0.6225 1.3833 0.6713 0.6396 -0.2812 -0.2473
1305031103.5458 1.1132 0.6227 1.3860 0.6708 0.6396 -0.2818 -0.2480
1305031103.5558 1.1144 0.6225 1.3886 0.6701 0.6391 -0.2834 -0.2494
1305031103.5658 1.1159 0.6225 1.3914 0.6696 0.6389 -0.2846 -0.2498
1305031103.5759 1.1172 0.6225 1.3941 0.6692 0.6389 -0.2858 -0.2497
1305031103.5858 1.1190 0.6224 1.3969 0.6696 0.6389 -0.2858 -0.2483
1305031103.5958 1.1204 0.6224 1.3999 0.6694 0.6388 -0.2869 -0.2481
1305031103.6058 1.1221 0.6224 1.4028 0.6692 0.6386 -0.2882 -0.2476
1305031103.6159 1.1235 0.6223 1.4058 0.6683 0.6387 -0.2902 -0.2475
1305031103.6260 1.1252 0.6223 1.4089 0.6678 0.6387 -0.2916 -0.2471
1305031103.6358 1.1268 0.6223 1.4119 0.6673 0.6387 -0.2931 -0.2468
1305031103.6458 1.1284 0.6223 1.4151 0.6672 0.6384 -0.2939 -0.2468
1305031103.6558 1.1300 0.6221 1.4183 0.6666 0.6383 -0.2953 -0.2468
1305031103.6658 1.1319 0.6222 1.4216 0.6663 0.6384 -0.2957 -0.2469
1305031103.6758 1.1337 0.6223 1.4249 0.6659 0.6382 -0.2967 -0.2475
1305031103.6858 1.1355 0.6224 1.4283 0.6659 0.6382 -0.2971 -0.2470
1305031103.6959 1.1372 0.6225 1.4315 0.6655 0.6381 -0.2981 -0.2473
1305031103.7058 1.1394 0.6228 1.4350 0.6657 0.6381 -0.2973 -0.2474
1305031103.7158 1.1411 0.6229 1.4382 0.6652 0.6377 -0.2989 -0.2480
1305031103.7258 1.1432 0.6232 1.4418 0.6646 0.6374 -0.2994 -0.2498
1305031103.7358 1.1452 0.6231 1.4455 0.6643 0.6375 -0.2993 -0.2502
1305031103.7458 1.1473 0.6233 1.4492 0.6638 0.6380 -0.2991 -0.2506
1305031103.7558 1.1493 0.6233 1.4527 0.6631 0.6383 -0.2995 -0.2514
1305031103.7658 1.1515 0.6235 1.4563 0.6622 0.6389 -0.2995 -0.2521
1305031103.7758 1.1535 0.6236 1.4598 0.6615 0.6392 -0.2998 -0.2529
1305031103.7858 1.1558 0.6236 1.4634 0.6611 0.6398 -0.2993 -0.2531
1305031103.7959 1.1581 0.6239 1.4670 0.6611 0.6408 -0.2976 -0.2526
1305031103.8058 1.1603 0.6239 1.4705 0.6608 0.6416 -0.2965 -0.2526
1305031103.8159 1.1627 0.6240 1.4740 0.6607 0.6426 -0.2949 -0.2523
